111115
111124
111133
111142
111151
11116
111214
111223
111232
111241
11125
111313
111322
111331
11134
111412
111421
11143
111511
11152
11161
112114
112123
112132
112141
11215
112213
112222
112231
11224
112312
112321
11233
112411
11242
11251
1126
113113
113122
113131
11314
113212
113221
11323
113311
11332
11341
1135
114112
114121
11413
114211
11422
11431
1144
115111
11512
11521
1153
11611
1162
121114
121123
121132
121141
12115
121213
121222
121231
12124
121312
121321
12133
121411
12142
12151
1216
122113
122122
122131
12214
122212
122221
12223
122311
12232
12241
1225
123112
123121
12313
123211
12322
12331
1234
124111
12412
12421
1243
12511
1252
1261
131113
131122
131131
13114
131212
131221
13123
131311
13132
13141
1315
132112
132121
13213
132211
13222
13231
1324
133111
13312
13321
1333
13411
1342
1351
136
141112
141121
14113
141211
14122
14131
1414
142111
14212
14221
1423
14311
1432
1441
145
151111
15112
15121
1513
15211
1522
1531
154
16111
1612
1621
163
211114
211123
211132
211141
21115
211213
211222
211231
21124
211312
211321
21133
211411
21142
21151
2116
212113
212122
212131
21214
212212
212221
21223
212311
21232
21241
2125
213112
213121
21313
213211
21322
21331
2134
214111
21412
21421
2143
21511
2152
2161
221113
221122
221131
22114
221212
221221
22123
221311
22132
22141
2215
222112
222121
22213
222211
22222
22231
2224
223111
22312
22321
2233
22411
2242
2251
226
231112
231121
23113
231211
23122
23131
2314
232111
23212
23221
2323
23311
2332
2341
235
241111
24112
24121
2413
24211
2422
2431
244
25111
2512
2521
253
2611
262
311113
311122
311131
31114
311212
311221
31123
311311
31132
31141
3115
312112
312121
31213
312211
31222
31231
3124
313111
31312
31321
3133
31411
3142
3151
316
321112
321121
32113
321211
32122
32131
3214
322111
32212
32221
3223
32311
3232
3241
325
331111
33112
33121
3313
33211
3322
3331
334
34111
3412
3421
343
3511
352
361
411112
411121
41113
411211
41122
41131
4114
412111
41212
41221
4123
41311
4132
4141
415
421111
42112
42121
4213
42211
4222
4231
424
43111
4312
4321
433
4411
442
451
46
511111
51112
51121
5113
51211
5122
5131
514
52111
5212
5221
523
5311
532
541
55
61111
6112
6121
613
6211
622
631
64
